
% CREATE COM STRUCT FROM VAUGHAN DATA---


COM = struct;

COM.LeftThigh.Pos = [
 -0.238   0.324   0.748	
 -0.230   0.323   0.747	
 -0.216   0.322   0.747	
 -0.195   0.321   0.747	
 -0.169   0.320   0.748	
 -0.140   0.318   0.749	
 -0.111   0.316   0.750	
 -0.082   0.315   0.753	
 -0.054   0.314   0.756	
 -0.028   0.313   0.760	
 -0.002   0.313   0.764	
  0.022   0.313   0.768	
  0.046   0.313   0.772	
  0.070   0.313   0.776	
  0.092   0.312   0.779	
  0.114   0.312   0.782	
  0.135   0.310   0.785	
  0.155   0.308   0.788	
  0.175   0.307   0.791	
  0.193   0.305   0.793	
  0.211   0.303   0.794	
  0.229   0.301   0.795	
  0.246   0.299   0.795	
  0.263   0.298   0.795	
  0.280   0.296   0.793	
  0.296   0.295   0.791	
  0.313   0.294   0.788	
  0.331   0.293   0.784	
  0.349   0.292   0.781	
  0.368   0.291   0.778	
  0.388   0.291   0.775	
  0.410   0.290   0.773	
  0.433   0.290   0.771	
  0.457   0.290   0.769	
  0.481   0.291   0.768	
  0.506   0.292   0.768	
  0.531   0.293   0.768	
  0.555   0.294   0.771	
  0.578   0.295   0.774	
  0.601   0.296   0.777	
  0.621   0.296   0.780	
  0.640   0.297   0.783	
  0.658   0.298   0.784	
  0.674   0.299   0.786	
  0.689   0.300   0.787	
  0.704   0.300   0.788	
  0.719   0.299   0.789	
  0.733   0.299   0.790	
  0.746   0.298   0.790	
  0.760   0.298   0.790	
  0.773   0.297   0.790	
  0.786   0.297   0.790	
  0.799   0.297   0.789	
  0.813   0.296   0.788	
  0.827   0.296   0.786	
  0.842   0.295   0.785	
  0.857   0.295   0.782	
  0.872   0.294   0.780	
  0.888   0.293   0.778	
  0.903   0.293   0.775	
  0.920   0.292   0.772	
  0.936   0.291   0.769	
  0.953   0.290   0.767	
  0.971   0.289   0.764	
  0.989   0.287   0.761	
  1.010   0.285   0.759	
  1.031   0.283   0.757	
  1.055   0.280   0.755	
  1.081   0.278   0.755	
  1.108   0.276   0.754	
  1.136   0.275   0.755	
  1.165   0.274   0.755	
  1.193   0.274   0.756	
  1.222   0.274   0.756	
  1.250   0.273   0.757	
  1.278   0.272   0.758	
  1.306   0.272   0.761	
  1.333   0.271   0.764	
  1.360   0.271   0.768	
  1.385   0.271   0.772	
  1.407   0.271   0.776	
  1.422   0.270   0.779	
  1.429   0.270   0.780	
  1.433   0.270   0.781	
  1.444   0.270   0.783	];
  
COM.LeftThigh.Vel = [	
  0.776  -0.089  -0.026	
  0.890  -0.085  -0.020	
  1.051  -0.082  -0.010	
  1.229  -0.078   0.008	
  1.367  -0.077   0.036	
  1.434  -0.077   0.071	
  1.437  -0.075   0.109	
  1.402  -0.065   0.147	
  1.352  -0.046   0.177	
  1.303  -0.023   0.197	
  1.258  -0.005   0.204	
  1.218   0.003   0.199	
  1.181  -0.001   0.189	
  1.144  -0.015   0.177	
  1.106  -0.034   0.165	
  1.070  -0.056   0.154	
  1.033  -0.077   0.143	
  0.996  -0.091   0.130	
  0.958  -0.098   0.113	
  0.921  -0.097   0.090	
  0.888  -0.091   0.061	
  0.863  -0.084   0.027	
  0.846  -0.078  -0.012	
  0.838  -0.074  -0.054	
  0.837  -0.070  -0.095	
  0.844  -0.064  -0.132	
  0.860  -0.055  -0.157	
  0.889  -0.045  -0.168	
  0.933  -0.037  -0.164	
  0.991  -0.031  -0.149	
  1.055  -0.026  -0.130	
  1.116  -0.019  -0.111	
  1.166  -0.006  -0.093	
  1.203   0.014  -0.071	
  1.226   0.038  -0.036	
  1.236   0.057   0.015	
  1.227   0.065   0.077	
  1.196   0.058   0.132	
  1.141   0.044   0.163	
  1.069   0.033   0.163	
  0.988   0.032   0.138	
  0.911   0.040   0.103	
  0.845   0.047   0.077	
  0.794   0.041   0.064	
  0.758   0.021   0.060	
  0.732  -0.007   0.056	
  0.711  -0.028   0.046	
  0.693  -0.035   0.029	
  0.676  -0.030   0.012	
  0.662  -0.020  -0.004	
  0.657  -0.016  -0.018	
  0.664  -0.018  -0.031	
  0.679  -0.023  -0.046	
  0.701  -0.025  -0.062	
  0.723  -0.024  -0.081	
  0.741  -0.023  -0.098	
  0.755  -0.024  -0.113	
  0.766  -0.028  -0.123	
  0.778  -0.031  -0.130	
  0.793  -0.035  -0.135	
  0.812  -0.039  -0.138	
  0.835  -0.045  -0.138	
  0.868  -0.056  -0.136	
  0.913  -0.073  -0.131	
  0.974  -0.095  -0.123	
  1.050  -0.115  -0.110	
  1.139  -0.127  -0.088	
  1.231  -0.123  -0.059	
  1.316  -0.102  -0.026	
  1.382  -0.070   0.001	
  1.422  -0.041   0.016	
  1.436  -0.024   0.022	
  1.431  -0.021   0.026	
  1.418  -0.027   0.037	
  1.403  -0.031   0.059	
  1.389  -0.029   0.093	
  1.373  -0.022   0.134	
  1.344  -0.015   0.174	
  1.279  -0.011   0.200	
  1.154  -0.012   0.201	
  0.973  -0.015   0.179	
  0.791  -0.017   0.147	
  0.681  -0.019   0.126	
  0.650  -0.022   0.117	
  0.637  -0.039   0.101	];





COM.LeftShankPG.Pos = [
 -0.436   0.327   0.355	
 -0.429   0.327   0.356	
 -0.416   0.327   0.357	
 -0.396   0.327   0.359	
 -0.368   0.326   0.362	
 -0.336   0.325   0.365	
 -0.301   0.324   0.368	
 -0.264   0.322   0.372	
 -0.226   0.321   0.376	
 -0.187   0.320   0.379	
 -0.149   0.319   0.382	
 -0.110   0.318   0.384	
 -0.071   0.317   0.385	
 -0.032   0.316   0.385	
  0.007   0.315   0.384	
  0.046   0.313   0.383	
  0.085   0.311   0.381	
  0.123   0.309   0.379	
  0.162   0.307   0.377	
  0.199   0.305   0.375	
  0.235   0.303   0.373	
  0.270   0.300   0.371	
  0.305   0.298   0.370	
  0.337   0.296   0.369	
  0.369   0.294   0.368	
  0.399   0.292   0.367	
  0.428   0.291   0.367	
  0.455   0.289   0.366	
  0.482   0.288   0.366	
  0.507   0.287   0.365	
  0.531   0.285   0.364	
  0.555   0.284   0.363	
  0.577   0.282   0.361	
  0.598   0.281   0.358	
  0.617   0.279   0.356	
  0.635   0.278   0.354	
  0.653   0.278   0.353	
  0.669   0.277   0.353	
  0.685   0.277   0.354	
  0.698   0.276   0.355	
  0.710   0.276   0.356	
  0.719   0.275   0.356	
  0.727   0.275   0.355	
  0.733   0.274   0.355	
  0.739   0.274   0.355	
  0.744   0.274   0.355	
  0.748   0.275   0.355	
  0.752   0.275   0.355	
  0.756   0.275   0.355	
  0.760   0.275   0.354	
  0.765   0.274   0.353	
  0.770   0.273   0.351	
  0.774   0.273   0.350	
  0.779   0.272   0.349	
  0.784   0.272   0.348	
  0.790   0.271   0.347	
  0.796   0.271   0.346	
  0.802   0.270   0.345	
  0.808   0.270   0.344	
  0.814   0.269   0.343	
  0.821   0.269   0.343	
  0.827   0.268   0.342	
  0.835   0.267   0.342	
  0.843   0.266   0.342	
  0.852   0.265   0.342	
  0.863   0.264   0.342	
  0.876   0.263   0.343	
  0.892   0.263   0.344	
  0.911   0.262   0.346	
  0.933   0.263   0.348	
  0.960   0.264   0.351	
  0.989   0.265   0.355	
  1.022   0.267   0.359	
  1.057   0.269   0.363	
  1.094   0.270   0.367	
  1.132   0.271   0.372	
  1.173   0.272   0.376	
  1.215   0.272   0.378	
  1.259   0.271   0.380	
  1.302   0.270   0.381	
  1.339   0.270   0.381	
  1.365   0.269   0.381	
  1.379   0.269   0.381	
  1.385   0.269   0.380	
  1.406   0.268   0.380	];

