% create dynamics

LeftHipForce = [
  3.882  75.009 153.307
  6.940  85.224 154.175
 10.644  87.279 151.826
 13.952  72.774 144.899
 15.650  45.488 136.042
 14.070  18.226 128.250
  8.337   0.132 121.384
  0.433  -7.807 113.970
 -5.406  -8.809 105.891
 -6.098  -6.378  98.649
 -2.299  -2.948  93.933
  2.722   0.300  92.162
  6.367   3.359  92.267
  8.221   6.775  92.861
  8.828  10.619  93.639
  8.290  14.045  95.372
  6.476  15.963  98.409
  3.738  16.192 101.690
  0.837  15.852 103.657
 -1.557  16.409 103.719
 -3.130  18.274 102.380
 -3.930  20.515 100.352
 -4.249  22.036  98.172
 -4.476  22.668  96.568
 -4.972  23.034  96.449
 -5.795  23.949  98.076
 -6.461  26.143 100.474
 -6.239  29.852 101.990
 -4.863  34.049 101.561
 -2.987  36.493  99.523
 -1.852  35.502  97.435
 -2.460  31.993  97.382
 -4.975  29.251 101.239
 -8.446  30.029 109.692
-10.821  33.542 121.144
 21.295 -40.201 -129.517
 24.538 -12.158 -222.985
 21.000 -58.377 -245.245
  1.448 -73.865 -321.568
 -9.470 -104.772 -405.832
 -6.539 -118.220 -470.275
  0.756 -123.757 -513.512
 10.312 -115.737 -526.822
 13.779 -98.172 -520.124
 11.981 -87.155 -498.666
  7.257 -77.932 -474.405
 -5.736 -64.933 -458.435
 -9.434 -53.915 -455.185
 -2.989 -43.638 -462.011
 -0.808 -35.540 -467.457
 -4.052 -26.307 -468.114
-489.208 NaN      NaN
-484.558  NaN      NaN
-19.488   9.942 -469.538
-20.265  18.263 -467.942
-22.952  24.873 -464.139
-26.445  31.714 -461.337
-28.000  39.353 -468.028
-29.363  51.065 -485.978
-30.953  60.478 -506.123
-37.958  70.035 -525.505
-37.713  80.254 -543.294
-35.282  86.762 -556.642
-31.852  93.915 -562.198
-29.277  96.575 -556.121
-29.625  94.366 -539.668
-37.169  80.440 -492.276
-43.057  69.362 -443.219
-37.039  50.168 -358.477
-28.389  24.014 -242.567
-14.994  12.433 -104.908
 -5.286  14.203   9.003
  3.335   8.777  69.540
  5.629  17.294  91.385
 12.741  18.858 111.823
 10.301  26.469 107.322
  7.799  30.197 102.210
  5.845  20.825  98.907
  3.083 -11.769 100.694
 -1.616 -66.409 110.307
 -6.759 -120.468 125.245
 -9.172 -143.688 136.030
 -8.225 -132.867 136.619
 -3.240 -80.514 123.631
 19.617 207.887  37.467];

LeftHipMoment = [
 20.820   0.913   0.230
 23.936  -0.276   0.070
 25.888  -2.168  -0.369
 23.815  -3.880  -1.049
 18.045  -4.367  -1.643
 11.379  -3.057  -1.694
  6.112  -0.341  -1.094
  2.882   2.550  -0.133
  1.272   4.215   0.746
  0.514   4.022   1.193
  0.013   2.581   1.158
 -0.325   1.105   0.876
 -0.203   0.280   0.614
  0.548  -0.056   0.484
  1.532  -0.290   0.468
  1.966  -0.503   0.502
  1.300  -0.618   0.485
 -0.290  -0.672   0.311
 -1.958  -0.723  -0.010
 -2.822  -0.674  -0.325
 -2.642  -0.382  -0.481
 -1.939   0.113  -0.454
 -1.409   0.585  -0.327
 -1.326   0.840  -0.195
 -1.497   0.889  -0.113
 -1.612   0.881  -0.110
 -1.505   0.914  -0.185
 -1.220   0.917  -0.314
 -0.999   0.668  -0.446
 -1.189   0.009  -0.477
 -1.880  -0.909  -0.324
 -2.529  -1.598  -0.049
 -2.128  -1.447   0.174
 -0.007  -0.163   0.246
  3.291   1.724   0.205
-62.194  NaN      NaN
  9.756 -16.147  -2.319
-19.418   NaN      NaN
 -6.164  21.524   3.039
-11.925  37.240   6.789
 -8.718  39.016   8.241
 -7.493  36.595   7.814
 -4.666  31.986   6.933
  2.882  32.743   6.637
  3.353  35.466   6.762
  3.007  36.157   6.980
  7.307  41.821   7.412
 11.397  38.105   6.323
 14.472  28.142   4.517
 16.622  24.300   3.193
 17.087  26.800   3.009
 17.292  33.622   2.682
 18.639  33.367   1.895
 21.679  30.922   0.631
 22.283  28.005  -0.076
 23.407  28.734  -0.503
 25.004  31.711  -0.977
 27.108  32.387  -1.256
 31.855  33.134  -1.706
 34.805  33.461  -1.716
 37.303  39.850  -2.142
 42.030  40.204  -1.928
 43.476  38.758  -2.269
 47.239  37.481  -2.524
 50.382  35.135  -2.058
 51.739  32.753  -1.342
 46.894  33.315  -0.732
 49.314  29.341   0.028
 45.865  16.463   0.300
 35.366   6.372  -0.167
 29.314   0.822  -0.908
 26.847   2.512  -0.546
 15.392   2.799  -0.420
 18.597   3.866   0.155
 11.678  -2.583  -1.182
 15.955  -2.702  -1.137
 18.089  -2.416  -0.810
 13.100  -1.683  -0.248
 -3.730  -0.100   0.574
-31.669   2.464   1.676
-60.039   5.083   2.726
-74.006   6.295   3.198
-70.950   5.943   3.043
-47.676   3.928   2.163
 84.042  -4.982  -2.146];

LeftKneeForce = [
  5.388   4.162  65.816
  8.108   6.344  67.494
 11.452   7.199  68.179
 13.458   4.094  66.359
 12.918  -2.294  61.641
  9.956  -9.021  54.654
  5.556 -13.679  46.183
  1.146 -15.631  37.313
 -1.757 -15.818  29.663
 -2.370 -15.899  24.533
 -1.298 -16.912  22.107
  0.052 -18.490  21.612
  0.784 -19.484  22.071
  0.989 -19.337  22.963
  1.088 -18.776  24.321
  1.191 -19.152  26.342
  1.243 -21.098  28.973
  1.379 -23.891  31.864
  1.727 -26.070  34.692
  2.036 -26.539  37.382
  1.889 -25.187  39.870
  1.234 -22.740  41.867
  0.470 -20.133  43.160
 -0.016 -17.900  43.984
 -0.229 -15.979  44.711
 -0.431 -14.012  45.220
 -0.731 -11.833  44.875
 -0.939  -9.715  43.167
 -0.767  -8.233  40.273
 -0.149  -7.805  37.096
  0.650  -8.234  34.881
  1.201  -8.594  34.656
  1.132  -7.658  36.809
  0.254  -4.833  40.954
 -1.128  -1.023  45.917
 11.325 -53.273 -216.905
  9.205   1.741 -310.285
-364.374  NaN      NaN
-43.795   8.032 -404.779
-68.425  17.916 -483.457
-73.967  31.320 -542.642
-73.785  37.921 -585.509
-69.620  43.988 -600.351
-69.723  53.670 -593.652
-72.072  54.775 -571.348
-71.230  54.670 -543.877
-73.045  62.452 -523.080
-65.381  70.386 -516.340
-51.516  76.507 -521.226
-47.017  76.981 -526.594
-49.995  75.806 -527.271
-57.170  76.174 -518.275
-55.449  80.650 -520.204
-49.924  88.848 -524.289
-45.622  94.819 -521.706
-46.027 102.413 -517.685
-48.986 111.958 -515.005
-50.496 122.688 -521.608
-50.521 137.522 -538.611
-49.840 149.327 -558.116
-54.211 161.140 -577.293
-52.553 171.359 -595.252
-50.989 177.625 -609.343
-48.521 186.286 -615.020
-45.609 193.339 -609.051
-42.538 198.927 -593.020
-43.238 192.878 -547.651
-37.797 192.087 -496.949
-21.436 174.234 -408.434
 -9.698 137.166 -289.672
 -0.137  92.881 -149.646
  1.621  51.625 -36.135
  1.391  15.648  14.468
  2.016   6.609  33.649
  8.828 -10.724  42.181
 10.256  -5.603  38.708
  9.892  -1.992  35.198
  6.709  -5.279  28.000
 -0.023 -20.231  13.293
 -9.439 -47.065  -7.243
-118.645  NaN      NaN
-142.985  NaN      NaN
-134.347  NaN      NaN
-87.111  NaN      NaN
 23.295  67.721  79.377];

