% CREATES KIN VARIABLE

KIN.LeftHip = [
-21.834   2.114 -13.299
-21.304   2.648 -13.162
-20.366   3.232 -13.087
-18.816   3.878 -12.859
-16.770   4.483 -12.461
-14.424   4.989 -12.023
-11.912   5.396 -11.728
 -9.306   5.736 -11.681
 -6.672   6.006 -11.840
 -4.073   6.131 -12.051
 -1.542   6.022 -12.124
  0.938   5.639 -11.917
  3.393   5.027 -11.451
  5.809   4.309 -10.945
  8.130   3.618 -10.663
 10.273   3.001 -10.668
 12.190   2.400 -10.751
 13.917   1.758 -10.656
 15.488   1.086 -10.314
 16.861   0.430  -9.795
 17.985  -0.190  -9.248
 18.837  -0.773  -8.844
 19.406  -1.278  -8.633
 19.663  -1.623  -8.573
 19.551  -1.778  -8.640
 19.031  -1.801  -8.833
 18.171  -1.752  -9.100
 17.149  -1.631  -9.295
 16.156  -1.428  -9.351
 15.324  -1.177  -9.471
 14.811  -0.950  -9.879
 14.791  -0.787 -10.411
 15.246  -0.666 -10.642
 15.892  -0.576 -10.422
 16.376  -0.632 -10.028
 16.507  -1.042  -9.705
 16.339  -1.916  -9.388
 16.068  -3.119  -9.043
 15.805  -4.332  -8.869
 15.423  -5.270  -8.987
 14.680  -5.847  -9.233
 13.477  -6.147  -9.394
 11.947  -6.297  -9.460
 10.340  -6.367  -9.549
  8.838  -6.336  -9.649
  7.411  -6.164  -9.656
  5.895  -5.852  -9.591
  4.272  -5.455  -9.569
  2.735  -5.080  -9.639
  1.385  -4.815  -9.758
  0.089  -4.599  -9.826
 -1.348  -4.282  -9.719
 -2.975  -3.834  -9.430
 -4.665  -3.396  -9.183
 -6.257  -3.100  -9.195
 -7.672  -2.964  -9.380
 -8.919  -2.944  -9.459
-22.364  NaN    NaN
-23.402   NaN    NaN
-24.784   NaN    NaN
-26.563  NaN    NaN
-28.396  NaN    NaN
-29.909  NaN    NaN
-31.055  NaN    NaN
-31.933  NaN    NaN
-32.467  NaN    NaN
-32.556  NaN    NaN
-32.223  NaN    NaN
-31.357  NaN    NaN
-18.639   0.990 -11.943
-17.086   2.118 -11.693
-14.676   3.138 -11.157
-11.724   4.016 -10.473
 -8.624   4.761  -9.990
 -5.713   5.382 -10.065
 -3.092   5.850 -10.587
 -0.570   6.069 -10.957
  2.046   5.924 -10.811
  4.731   5.407 -10.346
  7.319   4.660  -9.848
  9.601   3.884  -9.416
 11.307   3.262  -9.122
 12.239   2.907  -9.017
 12.757   2.694  -9.087
 14.594   1.948  -9.665];

KIN.LeftKnee = [
 18.909   5.120   8.982
 20.367   5.387   8.148
 22.655   5.791   7.507
 26.427   6.238   5.951
 31.297   6.554   3.804
 36.515   6.771   1.794
 41.515   7.027   0.211
 45.997   7.311  -1.109
 49.762   7.498  -2.337
 52.676   7.537  -3.459
 54.768   7.467  -4.436
 56.232   7.265  -5.371
 57.211   6.855  -6.330
 57.632   6.262  -7.138
 57.310   5.637  -7.565
 56.136   5.118  -7.597
 54.153   4.741  -7.356
 51.532   4.516  -6.936
 48.446   4.449  -6.371
 44.958   4.461  -5.629
 41.077   4.456  -4.587
 36.838   4.395  -3.115
 32.304   4.235  -1.285
 27.531   3.933   0.615
 22.545   3.522   2.343
 17.399   3.105   3.930
 12.251   2.735   5.534
  7.401   2.353   7.002
  3.244   1.904   7.830
  0.147   1.446   7.658
 -1.643   1.094   6.538
 -2.038   0.947   4.752
 -1.149   1.006   2.626
  0.681   1.145   0.586
  2.956   1.254  -0.824
  5.237   1.387  -1.135
  7.367   1.675  -0.217
  9.421   2.131   1.590
 11.358   2.605   3.649
 12.900   2.939   5.450
 13.816   3.115   6.825
 14.141   3.222   7.740
 14.106   3.325   8.126
 13.952   3.400   7.989
 13.783   3.394   7.600
 13.575   3.331   7.487
 13.306   3.327   7.999
 12.969   3.410   8.816
 12.442   3.410   9.247
 11.620   3.189   9.061
 10.653   2.838   8.705
  9.784   2.495   8.733
  9.075   2.198   9.249
  8.500   1.973   9.900
  8.082   1.881  10.297
  7.862   1.941  10.333
  7.822   2.090  10.056
  7.859   2.203   9.538
  7.845   2.188   8.975
  7.716   2.058   8.718
  7.479   1.886   9.075
  7.242   1.755   9.927
  7.221   1.747  10.711
  7.609   1.901  11.088
  8.464   2.206  11.254
  9.766   2.639  11.453
 11.507   3.188  11.625
 13.739   3.795  11.554
 16.647   4.346  10.951
 20.536   4.735   9.360
 25.565   4.920   6.429
 31.484   4.936   2.433
 37.727   4.904  -1.712
 43.712   5.014  -5.024
 49.009   5.377  -7.101
 53.405   5.817  -8.371
 56.806   5.957  -9.578
 59.067   5.664 -10.908
 60.040   5.148 -11.937
 59.808   4.618 -12.297
 58.760   4.140 -12.045
 57.500   3.785 -11.531
 56.602   3.611 -11.113
 55.870   3.555 -10.729
 52.793   3.504  -9.101];

KIN.LeftAnklePG = [
 -6.135   1.995   9.714
 -4.712   1.940   7.318
 -2.779   2.402   4.468
 -0.344   1.906   2.538
  2.237   0.526   2.654
  4.843  -0.719   4.021
  7.270  -1.200   5.201
  9.025  -1.233   5.828
  9.782  -1.471   6.185
  9.696  -2.199   6.149
  8.988  -3.225   5.371
  7.515  -4.150   4.082
  5.056  -4.570   3.013
  1.870  -4.168   2.651
 -1.349  -3.002   3.079
 -3.974  -1.568   4.155
 -5.785  -0.316   5.557
 -6.975   0.677   6.899
 -7.874   1.509   8.050
 -8.598   2.236   9.240
 -9.083   2.936  10.580
 -9.376   3.858  11.557
 -9.642   5.198  11.491
 -9.867   6.641  10.570
 -9.829   7.672   9.535
 -9.432   8.349   8.551
 -8.791   9.211   7.433
 -8.062  10.539   6.321
 -7.372  12.009   5.518
 -6.815  12.956   5.167
 -6.486  12.961   5.233
 -6.484  12.244   5.526
 -6.749  11.310   5.790
 -6.938  10.357   5.894
 -6.561   9.345   5.835
 -5.382   8.521   5.685
 -3.793   8.422   5.683
 -2.603   9.204   6.244
 -2.251  10.324   7.801
 -2.511  11.134  10.314
 -3.050  11.596  12.963
 -3.811  12.068  14.888
 -4.771  12.547  16.012
 -5.766  12.639  16.834
 -6.711  12.292  17.627
 -7.845  12.094  17.896
 -9.519  12.610  16.771
-11.522  13.500  14.553
-12.886  13.659  13.454
-13.020  12.600  15.069
-12.569  11.184  18.186
-12.453  10.564  20.841
-12.890  10.952  22.435
-13.620  11.638  23.189
-14.357  11.850  23.526
-15.008  11.481  23.837
-15.648  10.908  24.208
-16.304  10.396  24.536
-16.938   9.934  24.679
-17.545   9.536  24.554
-18.079   9.446  24.373
-18.457   9.797  24.434
-18.693  10.246  24.613
-18.851  10.385  24.498
-18.849  10.221  23.951
-18.453   9.973  23.258
-17.491   9.703  22.700
-15.941   9.316  22.089
-13.770   8.648  20.865
-10.846   7.343  18.657
 -7.106   5.005  15.894
 -2.831   1.899  13.460
  1.217  -0.825  11.410
  4.113  -2.073   9.171
  5.385  -1.694   7.136
  5.121  -0.298   6.241
  3.664   1.285   6.478
  1.513   2.444   7.093
 -0.735   3.015   7.519
 -2.644   3.260   7.602
 -4.091   3.530   7.512
 -5.090   3.908   7.544
 -5.627   4.240   7.698
 -5.910   4.601   7.843
 -6.916   6.095   8.547];

