% LKIN var

% 
% LKIN.RightThigh
% 
% ans = 
% 
%     HipJoint: [76x3 double]
%         Axes: [1x1 struct]

LKIN.Pelvis.Axes.i = [	
 -0.072   0.017   0.997	
 -0.068   0.025   0.997	
 -0.063   0.035   0.997	
 -0.058   0.046   0.997	
 -0.056   0.055   0.997	
 -0.058   0.058   0.997	
 -0.061   0.058   0.996	
 -0.066   0.056   0.996	
 -0.069   0.053   0.996	
 -0.070   0.049   0.996	
 -0.071   0.044   0.997	
 -0.071   0.038   0.997	
 -0.070   0.030   0.997	
 -0.068   0.021   0.997	
 -0.065   0.013   0.998	
 -0.062   0.004   0.998	
 -0.060  -0.003   0.998	
 -0.059  -0.009   0.998	
 -0.058  -0.013   0.998	
 -0.056  -0.016   0.998	
 -0.054  -0.017   0.998	
 -0.050  -0.018   0.999	
 -0.045  -0.021   0.999	
 -0.042  -0.023   0.999	
 -0.041  -0.024   0.999	
 -0.042  -0.023   0.999	
 -0.045  -0.021   0.999	
 -0.050  -0.017   0.999	
 -0.055  -0.013   0.998	
 -0.061  -0.009   0.998	
 -0.066  -0.007   0.998	
 -0.067  -0.005   0.998	
 -0.064  -0.003   0.998	
 -0.061  -0.001   0.998	
 -0.059  -0.001   0.998	
 -0.059  -0.004   0.998	
 -0.063  -0.013   0.998	
 -0.066  -0.026   0.997	
 -0.068  -0.039   0.997	
 -0.068  -0.050   0.996	
 -0.067  -0.057   0.996	
 -0.068  -0.058   0.996	
 -0.072  -0.055   0.996	
 -0.076  -0.050   0.996	
 -0.079  -0.045   0.996	
 -0.080  -0.040   0.996	
 -0.079  -0.035   0.996	
 -0.078  -0.029   0.997	
 -0.077  -0.023   0.997	
 -0.073  -0.018   0.997	
 -0.070  -0.013   0.997	
 -0.069  -0.007   0.998	
 -0.071   0.001   0.997	
 -0.074   0.007   0.997	
 -0.077   0.012   0.997	
 -0.079   0.015   0.997	
 -0.080   0.017   0.997	
 -0.080   0.018   0.997	
 -0.079   0.018   0.997	
 -0.078   0.017   0.997	
 -0.077   0.017   0.997	
 -0.076   0.017   0.997	
 -0.076   0.016   0.997	
 -0.075   0.014   0.997	
 -0.073   0.012   0.997	
 -0.071   0.011   0.997	
 -0.069   0.014   0.998	
 -0.070   0.020   0.997	
 -0.075   0.031   0.997	
 -0.081   0.043   0.996	
 -0.085   0.054   0.995	
 -0.086   0.060   0.994	
 -0.085   0.062   0.994	
 -0.084   0.061   0.995	
 -0.085   0.058   0.995	
 -0.089   0.054   0.995	
 -0.093   0.049   0.994	
 -0.095   0.043   0.995	
 -0.094   0.034   0.995	
 -0.092   0.025   0.995	
 -0.090   0.016   0.996	
 -0.089   0.010   0.996	
 -0.088   0.006   0.996	
 -0.087   0.004   0.996	
 -0.082  -0.006   0.997];

LKIN.Pelvis.Axes.j = [	
  0.996   0.053   0.071	
  0.997   0.048   0.067	
  0.997   0.040   0.061	
  0.998   0.031   0.057	
  0.998   0.025   0.055	
  0.998   0.026   0.056	
  0.998   0.031   0.060	
  0.997   0.039   0.064	
  0.997   0.045   0.066	
  0.997   0.049   0.068	
  0.996   0.050   0.068	
  0.996   0.050   0.069	
  0.996   0.049   0.069	
  0.997   0.048   0.067	
  0.997   0.043   0.065	
  0.997   0.036   0.062	
  0.998   0.029   0.060	
  0.998   0.022   0.059	
  0.998   0.019   0.058	
  0.998   0.018   0.057	
  0.998   0.018   0.054	
  0.999   0.017   0.050	
  0.999   0.014   0.046	
  0.999   0.008   0.042	
  0.999   0.002   0.041	
  0.999  -0.005   0.042	
  0.999  -0.012   0.045	
  0.999  -0.020   0.050	
  0.998  -0.029   0.055	
  0.997  -0.039   0.061	
  0.997  -0.048   0.066	
  0.996  -0.058   0.067	
  0.996  -0.067   0.064	
  0.995  -0.074   0.060	
  0.995  -0.081   0.058	
  0.995  -0.085   0.059	
  0.995  -0.084   0.061	
  0.995  -0.078   0.064	
  0.995  -0.070   0.066	
  0.996  -0.063   0.065	
  0.996  -0.060   0.063	
  0.996  -0.064   0.064	
  0.995  -0.071   0.068	
  0.994  -0.077   0.072	
  0.994  -0.082   0.075	
  0.994  -0.083   0.076	
  0.994  -0.082   0.076	
  0.994  -0.079   0.076	
  0.994  -0.076   0.075	
  0.995  -0.072   0.072	
  0.995  -0.067   0.069	
  0.996  -0.061   0.068	
  0.996  -0.055   0.071	
  0.996  -0.050   0.075	
  0.996  -0.045   0.078	
  0.996  -0.039   0.080	
  0.996  -0.034   0.081	
  0.996  -0.029   0.080	
  0.997  -0.026   0.079	
  0.997  -0.024   0.078	
  0.997  -0.022   0.077	
  0.997  -0.018   0.076	
  0.997  -0.011   0.076	
  0.997  -0.003   0.075	
  0.997   0.006   0.073	
  0.997   0.013   0.071	
  0.997   0.019   0.069	
  0.997   0.023   0.070	
  0.997   0.025   0.074	
  0.996   0.026   0.080	
  0.996   0.027   0.083	
  0.996   0.031   0.084	
  0.996   0.037   0.083	
  0.996   0.045   0.081	
  0.995   0.051   0.082	
  0.995   0.056   0.085	
  0.994   0.060   0.090	
  0.994   0.062   0.092	
  0.994   0.063   0.092	
  0.994   0.063   0.090	
  0.994   0.062   0.088	
  0.994   0.060   0.088	
  0.994   0.058   0.088	
  0.995   0.054   0.087	
  0.996   0.039   0.082];

LKIN.Pelvis.Axes.k = [	
 -0.052   0.998  -0.021	
 -0.046   0.999  -0.028	
 -0.038   0.999  -0.038	
 -0.028   0.998  -0.048	
 -0.022   0.998  -0.056	
 -0.022   0.998  -0.060	
 -0.027   0.998  -0.060	
 -0.035   0.998  -0.059	
 -0.042   0.998  -0.056	
 -0.045   0.998  -0.052	
 -0.047   0.998  -0.048	
 -0.047   0.998  -0.041	
 -0.047   0.998  -0.034	
 -0.046   0.999  -0.025	
 -0.042   0.999  -0.015	
 -0.036   0.999  -0.007	
 -0.029   1.000   0.001	
 -0.023   1.000   0.007	
 -0.020   1.000   0.012	
 -0.019   1.000   0.014	
 -0.019   1.000   0.016	
 -0.018   1.000   0.017	
 -0.015   1.000   0.020	
 -0.009   1.000   0.023	
 -0.003   1.000   0.024	
  0.004   1.000   0.024	
  0.011   1.000   0.021	
  0.019   1.000   0.018	
  0.028   0.999   0.015	
  0.038   0.999   0.012	
  0.048   0.999   0.010	
  0.058   0.998   0.009	
  0.066   0.998   0.007	
  0.074   0.997   0.006	
  0.080   0.997   0.005	
  0.084   0.996   0.009	
  0.083   0.996   0.019	
  0.076   0.997   0.031	
  0.067   0.997   0.044	
  0.059   0.997   0.054	
  0.057   0.997   0.061	
  0.060   0.996   0.062	
  0.067   0.996   0.060	
  0.074   0.996   0.056	
  0.078   0.996   0.051	
  0.080   0.996   0.047	
  0.079   0.996   0.041	
  0.076   0.996   0.035	
  0.074   0.997   0.029	
  0.070   0.997   0.023	
  0.066   0.998   0.017	
  0.061   0.998   0.011	
  0.055   0.998   0.003	
  0.050   0.999  -0.003	
  0.045   0.999  -0.008	
  0.041   0.999  -0.012	
  0.035   0.999  -0.014	
  0.031   0.999  -0.015	
  0.027   1.000  -0.015	
  0.025   1.000  -0.016	
  0.023   1.000  -0.016	
  0.019   1.000  -0.016	
  0.013   1.000  -0.015	
  0.004   1.000  -0.014	
 -0.005   1.000  -0.013	
 -0.012   1.000  -0.012	
 -0.018   1.000  -0.015	
 -0.022   1.000  -0.022	
 -0.023   0.999  -0.033	
 -0.022   0.999  -0.045	
 -0.022   0.998  -0.056	
 -0.025   0.998  -0.062	
 -0.032   0.997  -0.065	
 -0.039   0.997  -0.064	
 -0.047   0.997  -0.062	
 -0.052   0.997  -0.059	
 -0.055   0.997  -0.055	
 -0.057   0.997  -0.049	
 -0.059   0.997  -0.040	
 -0.061   0.998  -0.030	
 -0.061   0.998  -0.022	
 -0.059   0.998  -0.015	
 -0.057   0.998  -0.012	
 -0.054   0.999  -0.009	
 -0.040   0.999   0.002];

