% SEGvar

% SEGMENT VELOCITIES IN GLOBAL
% - We only have velocity in global because they are needed for power

SEG.LeftThigh.AngVel = [
  0.032  -0.372  -0.613
  0.028  -0.579  -0.667
  0.041  -0.920  -0.690
  0.081  -1.370  -0.621
  0.153  -1.822  -0.417
  0.253  -2.173  -0.105
  0.353  -2.372   0.216
  0.415  -2.430   0.431
  0.407  -2.392   0.471
  0.329  -2.310   0.336
  0.212  -2.223   0.089
  0.100  -2.139  -0.175
  0.022  -2.050  -0.372
 -0.021  -1.945  -0.468
 -0.048  -1.822  -0.489
 -0.080  -1.685  -0.491
 -0.124  -1.538  -0.518
 -0.174  -1.376  -0.570
 -0.219  -1.184  -0.620
 -0.246  -0.956  -0.637
 -0.246  -0.699  -0.611
 -0.218  -0.431  -0.548
 -0.174  -0.167  -0.457
 -0.134   0.084  -0.352
 -0.112   0.310  -0.259
 -0.103   0.490  -0.205
 -0.088   0.595  -0.201
 -0.059   0.599  -0.216
 -0.028   0.497  -0.209
 -0.014   0.310  -0.174
 -0.014   0.083  -0.161
 -0.012  -0.127  -0.229
 -0.005  -0.265  -0.370
 -0.011  -0.297  -0.511
 -0.049  -0.234  -0.569
 -0.116  -0.114  -0.508
 -0.188   0.026  -0.346
 -0.236   0.182  -0.139
 -0.250   0.374   0.031
 -0.238   0.605   0.096
 -0.218   0.842   0.042
 -0.197   1.034  -0.066
 -0.167   1.152  -0.140
 -0.114   1.210  -0.133
 -0.037   1.247  -0.057
  0.041   1.291   0.051
  0.090   1.337   0.161
  0.097   1.363   0.249
  0.072   1.357   0.295
  0.046   1.329   0.284
  0.042   1.299   0.225
  0.059   1.279   0.160
  0.074   1.259   0.139
  0.063   1.225   0.174
  0.027   1.168   0.226
 -0.010   1.104   0.240
 -0.017   1.066   0.214
  0.020   1.079   0.199
  0.086   1.140   0.248
  0.146   1.213   0.356
  0.175   1.246   0.471
  0.175   1.202   0.548
  0.170   1.078   0.580
  0.179   0.901   0.577
  0.202   0.698   0.533
  0.230   0.475   0.431
  0.256   0.203   0.268
  0.290  -0.162   0.065
  0.340  -0.645  -0.136
  0.409  -1.213  -0.282
  0.491  -1.774  -0.318
  0.575  -2.219  -0.210
  0.647  -2.483   0.034
  0.687  -2.574   0.332
  0.672  -2.554   0.545
  0.592  -2.489   0.555
  0.456  -2.417   0.349
  0.294  -2.325   0.036
  0.142  -2.169  -0.241
  0.029  -1.912  -0.397
 -0.035  -1.570  -0.429
 -0.059  -1.239  -0.394
 -0.065  -1.041  -0.357
 -0.068  -0.971  -0.338
 -0.084  -0.853  -0.296];

SEG.LeftShankPG.AngVel =[
  0.261   1.298  -0.138
  0.300   1.543  -0.078
  0.395   1.862   0.129
  0.507   2.152   0.448
  0.587   2.259   0.791
  0.620   2.096   1.066
  0.624   1.692   1.228
  0.609   1.133   1.272
  0.569   0.516   1.201
  0.495  -0.083   1.032
  0.389  -0.623   0.811
  0.266  -1.103   0.591
  0.140  -1.562   0.392
  0.030  -2.042   0.201
 -0.042  -2.552  -0.012
 -0.063  -3.055  -0.257
 -0.043  -3.494  -0.523
 -0.009  -3.827  -0.792
  0.011  -4.044  -1.051
  0.000  -4.165  -1.295
 -0.033  -4.222  -1.510
 -0.059  -4.241  -1.660
 -0.049  -4.237  -1.706
  0.016  -4.208  -1.647
  0.121  -4.138  -1.531
  0.217  -3.990  -1.401
  0.240  -3.715  -1.220
  0.149  -3.265  -0.886
 -0.040  -2.614  -0.333
 -0.267  -1.787   0.363
 -0.463  -0.867   0.989
 -0.579   0.033   1.310
 -0.593   0.805   1.202
 -0.500   1.378   0.697
 -0.312   1.735  -0.052
 -0.075   1.905  -0.830
  0.138   1.938  -1.423
  0.254   1.879  -1.692
  0.247   1.756  -1.632
  0.152   1.591  -1.358
  0.033   1.410  -0.996
 -0.059   1.247  -0.622
 -0.102   1.131  -0.287
 -0.095   1.072  -0.062
 -0.045   1.059  -0.008
  0.027   1.059  -0.078
  0.081   1.024  -0.122
  0.078   0.920  -0.018
  0.008   0.760   0.194
 -0.088   0.607   0.335
 -0.159   0.529   0.273
 -0.174   0.552   0.060
 -0.133   0.650  -0.117
 -0.057   0.778  -0.109
  0.026   0.898   0.075
  0.094   0.989   0.314
  0.132   1.043   0.488
  0.133   1.063   0.543
  0.096   1.059   0.479
  0.034   1.050   0.331
 -0.018   1.063   0.168
 -0.021   1.123   0.072
  0.034   1.242   0.075
  0.115   1.409   0.124
  0.179   1.603   0.139
  0.218   1.807   0.106
  0.274   2.019   0.109
  0.416   2.247   0.272
  0.691   2.487   0.671
  1.073   2.715   1.254
  1.451   2.883   1.844
  1.681   2.923   2.229
  1.681   2.766   2.296
  1.478   2.372   2.095
  1.179   1.745   1.775
  0.885   0.926   1.445
  0.635  -0.021   1.111
  0.409  -0.989   0.733
  0.189  -1.816   0.315
 -0.014  -2.322  -0.066
 -0.166  -2.430  -0.333
 -0.244  -2.273  -0.472
 -0.268  -2.114  -0.528
 -0.274  -2.096  -0.576
 -0.294  -2.304  -0.809];

SEG.LeftFoot.AngVel =[
 -1.620   2.418   1.500
 -1.554   2.881   1.348
 -1.280   3.525   0.986
 -0.782   4.182   0.532
 -0.160   4.520   0.236
  0.372   4.303   0.271
  0.610   3.513   0.551
  0.494   2.309   0.841
  0.132   0.900   0.982
 -0.248  -0.539   0.970
 -0.392  -1.888   0.866
 -0.148  -3.052   0.707
  0.430  -3.935   0.503
  1.109  -4.468   0.259
  1.631  -4.666  -0.012
  1.861  -4.637  -0.283
  1.839  -4.524  -0.524
  1.693  -4.426  -0.716
  1.508  -4.368  -0.857
  1.259  -4.346  -0.943
  0.866  -4.363  -0.960
  0.322  -4.414  -0.906
 -0.249  -4.447  -0.821
 -0.679  -4.381  -0.761
 -0.904  -4.165  -0.733
 -0.977  -3.813  -0.669
 -0.973  -3.361  -0.480
 -0.908  -2.823  -0.140
 -0.762  -2.199   0.284
 -0.545  -1.502   0.666
 -0.325  -0.756   0.878
 -0.183   0.025   0.821
 -0.154   0.836   0.468
 -0.188   1.651  -0.102
 -0.165   2.379  -0.701
  0.048   2.872  -1.105
  0.507   3.003  -1.183
  1.114   2.760  -0.978
  1.647   2.267  -0.659
  1.886   1.692  -0.382
  1.756   1.167  -0.197
  1.373   0.757  -0.078
  0.907   0.461  -0.002
  0.417   0.222   0.028
 -0.133  -0.027   0.011
 -0.679  -0.275  -0.029
 -0.933  -0.392  -0.062
 -0.587  -0.244  -0.080
  0.310   0.139  -0.080
  1.273   0.532  -0.040
  1.764   0.712   0.045
  1.629   0.652   0.132
  1.131   0.488   0.174
  0.647   0.370   0.164
  0.380   0.353   0.128
  0.308   0.402   0.101
  0.301   0.458   0.105
  0.252   0.491   0.136
  0.145   0.515   0.178
  0.035   0.563   0.219
 -0.026   0.660   0.257
 -0.040   0.816   0.282
 -0.054   1.037   0.272
 -0.100   1.345   0.200
 -0.173   1.770   0.064
 -0.278   2.318  -0.088
 -0.468   2.970  -0.160
 -0.798   3.714  -0.057
 -1.229   4.534   0.265
 -1.600   5.336   0.777
 -1.728   5.881   1.412
 -1.526   5.858   2.091
 -0.999   5.100   2.684
 -0.200   3.716   2.995
  0.732   2.021   2.859
  1.524   0.319   2.280
  1.898  -1.209   1.450
  1.771  -2.452   0.629
  1.313  -3.289   0.021
  0.801  -3.604  -0.304
  0.428  -3.414  -0.405
  0.238  -2.975  -0.400
  0.179  -2.650  -0.381
  0.198  -2.567  -0.384
  0.370  -2.622  -0.444];

